FN_rate: 0.20168067226890757
FP_rate: 0.03574975173783516
