branch_u <- list(
  "53" = c("root"= 0.623, "root FLT3-ITD"=.115,  "root NRAS_p.G13R"=.089, "root NRAS_p.G12D"= 0.173),
  "62" = c("root" = 0.097, "root IDH1_p_R132H"= 0.03, "root IDH1_p_R132H NPM1_p.L287fs"=0.05, "root IDH1_p_R132H NPM1_p.L287fs FLT3-ITD"=0.067,
           "root IDH1_p_R132H NPM1_p.L287fs PTPN11_p.D61A" = 0.014, "root IDH1_p_R132H NPM1_p.L287fs PTPN11_p.A72T" = 0.334,
           "root IDH1_p_R132H NPM1_p.L287fs PTPN11_p.F71L" = 0.406),
  "63" = c("root" = 0.077, "root IDH2_p.R140Q" = 0.189, "root IDH2_p.R140Q NPM1_pL287fs" = 0.497, "root IDH2_p.R140Q NPM1_pL287fs KIT_p.D816V"= 0.14,
           "root IDH2_p.R140Q NPM1_pL287fs FLT3-ITD" = 0.174),
  "69" = c("root" = 0.249, "root RUNX1_p.S322X" = 0.111, "root RUNX1_p.S322X KRAS_P.G12A" = 0.035, "root NRAS_p.G13D"= 0.605),
  "67" = c("root"= 0.034, "root IDH2_p.R140Q"= 0.151, "root U2AF1_p.Q84R" = 0.027, "root U2AF1_p.Q84R U2AF1_pS34F" = 0.063,
           "root U2AF1_p.Q84R U2AF1_pS34F KRAS_p.Q61H" = .306, "root U2AF1_p.Q84R U2AF1_pS34F NRAS_p.G12S" = 0.377,
           "root U2AF1_p.Q84R U2AF1_pS34F NRAS_p.G12S TP53_p.R202C" = 0.015,  "root U2AF1_p.Q84R U2AF1_pS34F NRAS_p.G12S KRAS.p.G60V"= 0.026  ),
  "74" = c("root" = 0.418, "root NPM1_p.L287fs" = 0.359, "root NPM1_p.L287fs WTI_p.S381X"=0.024, "root NPM1_p.L287fs KRAS_p.G60D" = 0.53,
           "root NPM1_p.L287fs NRAS_p_G12D" = 0.059, "root NPM1_p.L287fs PTPN11_p.D61A" = 0.088),
  "2" = c("root" = 0.037, "root DNMT3A_p.R882H" = 0.068,"root DNMT3A_p.R882H SF3B1_p.K666N" = 0.032,
          "root DNMT3A_p.R882H SF3B1_p.K666N FLT3_p.D835V"=0.158 , "root DNMT3A_p.R882H SF3B1_p.K666N FLT3_p.D835V RUNX1_p.S141fs"= 0.494,
          "root DNMT3A_p.R882H SF3B1_p.K666N FLT3_p.D835V RUNX1_p.S141fs JAK2_p.V617F" = 0.211),
  "10" = c("root"= .118, "root WT1_p.R430P" = .159,   "root WT1_p.R430P GATA2_p.T303A" = 0.258, "root WT1_p.R430P GATA2_p.T303A SRSF2_p.P95L" = 0.263,
           "root WT1_p.R430P GATA2_p.T303A SRSF2_p.P95L FLT3-ITD" = 0.202 ),
  "8" = c("root" = 0.097, "root IDH2_p.R882H"= 0.081, "root IDH2_p.R882H DNMT3A_p.R882H" = 0.343, "root IDH2_p.R882H DNMT3A_p.R882H SRSF2_p.P95L"=0.479),
  "33" = c("root" = 0.257, "root SRSF2_p.P95H" =0.169, "root SRSF2_p.P95H IDH2_p.R140Q" = 0.227,
           "root SRSF2_p.P95H IDH2_p.R140Q RUNX1_p.D198N" = 0.347  ),
  "47" = c("root" = 0.083, "root WT1_p.S381X" = 0.054,  "root WT1_p.S381X FLT3_p.D835Y" = 0.207, "root WT1_p.S381X FLT3_p.D835Y NPM1_p.L287fs" = 0.656 ),
  "58" = c("root" = .123, "root DNMT3A_p.R882H" = .159, "root DNMT3A_p.R882H IDH2_p.R14Q"= 0.269,
           "root DNMT3A_p.R882H IDH2_p.R14Q SRSF2_p.P95H" = 0.448)
)


